0.000000
0.000000
0.000000
0.000000
0.000000
0.000000
0.000000
0.000000
0.000000
0.000000
0.000000
0.000000
0.000000
0.000000
0.000000
0.000000
0.000000
0.000000
0.000000
0.000000
0.000000
0.000000
0.000000
0.000000
0.000000
0.000000
0.000000
0.000000
0.000000
0.000000
0.000000
0.000000
0.000000
0.000000
0.000000
0.000000
0.000000
0.000000
0.000000
0.000000
0.000000
0.000000
0.000000
0.000000
0.000000
0.000000
0.000000
0.000000
0.000000
0.000000
0.000000
0.000000
0.000000
0.000000
0.000000
0.000000
0.000000
0.000000
0.000000
0.000000
0.000000
0.000000
0.000000
0.000000
0.000000
0.000000
0.000000
0.000000
0.000000
0.000000
0.000000
0.000000
0.000000
0.000000
0.000000
0.000000
0.000000
0.000000
0.000000
0.000000
0.000000
0.000000
0.000000
0.000000
0.000000
0.000000
0.000000
0.000000
0.000000
0.000000
0.000000
0.000000
0.000000
0.000000
0.000000
0.000000
0.000000
0.000000
0.000000
0.000000
0.000000
0.000000
0.000000
0.000000
0.000000
0.000000
0.000000
0.000000
0.000000
0.000000
0.000000
0.000000
0.000000
0.000000
0.000000
0.000000
0.000000
0.000000
0.000000
0.000000
0.000000
0.000000
0.000000
0.000000
0.000000
0.000000
0.000000
0.000000
0.000000
0.000000
0.000000
0.000000
0.000000
0.000000
0.000000
0.000000
0.000000
0.000000
0.000000
0.000000
0.000000
0.000000
0.000000
0.000000
0.000000
0.000000
0.000000
0.000000
0.000000
0.000000
0.000000
0.000000
0.000000
0.000000
0.000000
0.000000
0.000000
0.000000
0.000000
0.000000
0.000000
0.000000
0.000000
0.000000
0.000000
0.000000
0.000000
0.000000
0.000000
0.000000
0.000000
0.000000
0.000000
0.000000
0.000000
0.000000
0.000000
0.000000
0.000000
0.000000
0.000000
0.000000
0.000000
0.000000
0.000000
0.000000
0.000000
0.000000
0.000000
0.000000
0.000000
0.000000
0.000000
0.000000
0.000000
0.000000
0.000000
0.000000
0.000000
0.000000
0.000000
0.000000
0.000000
0.000000
0.000000
0.000000
0.000000
0.000000
0.000000
0.000000
0.000000
0.000000
0.000000
0.000000
0.000000
0.000000
0.000000
0.000000
0.000000
0.000000
0.000000
0.000000
0.000000
0.000000
0.000000
0.000000
0.000000
0.000000
0.000000
0.000000
0.000000
0.000000
0.000000
0.000000
0.000000
0.000000
0.000000
0.000000
0.000000
0.000000
0.000000
0.000000
0.000000
0.000000
0.000000
0.000000
0.000000
0.000000
0.000000
0.000000
0.000000
0.000000
0.000000
0.000000
0.000000
0.000000
-11.000000
1.000000
-1.000000
-1.000000
-4.000000
-4.000000
2.000000
2.000000
618.000000
1424.000000
-224.000000
-282.000000
-1216.000000
-1190.000000
-538.000000
1408.000000
291.000000
385.000000
153.000000
-573.000000
0.000000
452.000000
540.000000
-736.000000
59.000000
-833.000000
-988.000000
-826.000000
-7.000000
611.000000
848.000000
-400.000000
392.000000
382.000000
-1133.000000
-1337.000000
515.000000
-1347.000000
-259.000000
-285.000000
-470.000000
628.000000
801.000000
-1311.000000
-1021.000000
-1375.000000
800.000000
924.000000
853.000000
3027.000000
-226.000000
2598.000000
-1030.000000
2650.000000
154.000000
2214.000000
130.000000
936.000000
-744.000000
442.000000
493.000000
-123.000000
-435.000000
325.000000
-158.000000
-730.000000
-372.000000
-564.000000
38.000000
114.000000
371.000000
373.000000
-843.000000
-1009.000000
105.000000
467.000000
-883.000000
-385.000000
825.000000
443.000000
-544.000000
-1242.000000
-1138.000000
472.000000
-931.000000
1187.000000
-58.000000
-3282.000000
-191.000000
185.000000
781.000000
-63.000000
742.000000
-774.000000
-730.000000
610.000000
-163.000000
-33.000000
-945.000000
797.000000
849.000000
465.000000
469.000000
-71.000000
1113.000000
319.000000
518.000000
-598.000000
142.000000
-178.000000
-520.000000
44.000000
1035.000000
747.000000
46.000000
-2412.000000
-326.000000
-1414.000000
1027.000000
3073.000000
65.000000
-61.000000
1083.000000
161.000000
156.000000
586.000000
-1158.000000
1808.000000
-1804.000000
1132.000000
-564.000000
-156.000000
-149.000000
-1043.000000
37.000000
-77.000000
-3105.000000
-1031.000000
1414.000000
338.000000
2434.000000
-62.000000
-724.000000
-1056.000000
-65.000000
521.000000
188.000000
-136.000000
594.000000
-518.000000
-300.000000
-1132.000000
81.000000
-463.000000
-468.000000
-866.000000
-786.000000
960.000000
29.000000
153.000000
-622.000000
740.000000
776.000000
-738.000000
88.000000
-786.000000
-184.000000
190.000000
3277.000000
33.000000
-1199.000000
933.000000
-471.000000
1129.000000
1247.000000
539.000000
-441.000000
-833.000000
373.000000
873.000000
-482.000000
-118.000000
1024.000000
852.000000
-368.000000
-370.000000
-119.000000
-27.000000
576.000000
368.000000
734.000000
166.000000
-3456.000000
-896.000000
-384.000000
-4480.000000
777.000000
-1033.000000
-2975.000000
-1889.000000
582.000000
1642.000000
-954.000000
266.000000
-2313.000000
2637.000000
-294.000000
-1566.000000
-613.000000
451.000000
169.000000
2109.000000
150.000000
876.000000
45.000000
-1139.000000
-2103.000000
1017.000000
-2665.000000
2523.000000
-137.000000
2603.000000
268.000000
2590.000000
601.000000
-255.000000
-630.000000
-64.000000
1046.000000
1104.000000
127.000000
631.000000
-309.000000
199.000000
-516.000000
666.000000
386.000000
14.000000
-533.000000
-419.000000
990.000000
-962.000000
1199.000000
-519.000000
-9.000000
525.000000
-265.000000
65.000000
-20.000000
0.000000
4.000000
12.000000
3.000000
1.000000
-1.000000
1.000000
