-2048.000000
-2048.000000
-2048.000000
-2048.000000
-2048.000000
-2048.000000
-2048.000000
-2048.000000
-2048.000000
-2048.000000
-2048.000000
-2048.000000
-2048.000000
-2048.000000
-2048.000000
-2048.000000
-2048.000000
-2048.000000
-2048.000000
-2048.000000
-2048.000000
-2048.000000
-2048.000000
-2048.000000
-2048.000000
-2048.000000
-2048.000000
-2048.000000
-2048.000000
-2048.000000
-2048.000000
-2048.000000
-2048.000000
-2048.000000
-2048.000000
-2048.000000
-2048.000000
-2048.000000
-2048.000000
-2048.000000
-2048.000000
-2048.000000
-2048.000000
-2048.000000
-2048.000000
-2048.000000
-2048.000000
-2048.000000
-2048.000000
-2048.000000
-2048.000000
-2048.000000
-2048.000000
-2048.000000
-2048.000000
-2048.000000
-2048.000000
-2048.000000
-2048.000000
-2048.000000
-2048.000000
-2048.000000
-2048.000000
-2048.000000
-2048.000000
-2048.000000
-2048.000000
-2048.000000
-2048.000000
-2048.000000
-2048.000000
-2048.000000
-2048.000000
-2048.000000
-2048.000000
-2048.000000
-2048.000000
-2048.000000
-2048.000000
-2048.000000
-2048.000000
-2048.000000
-2048.000000
-2048.000000
-2048.000000
-2048.000000
-2048.000000
-2048.000000
-2048.000000
-2048.000000
-2048.000000
-2048.000000
-2048.000000
-2048.000000
-2048.000000
-2048.000000
-2048.000000
-2048.000000
-2048.000000
-2048.000000
-2048.000000
-2048.000000
-2048.000000
-2048.000000
-2048.000000
-2048.000000
-2048.000000
-2048.000000
-2048.000000
-2048.000000
-2048.000000
-2048.000000
-2048.000000
-2048.000000
-2048.000000
-2048.000000
-2048.000000
-2048.000000
-2048.000000
-2048.000000
-2048.000000
-2048.000000
-2048.000000
-2048.000000
-2048.000000
-2048.000000
-2048.000000
-2048.000000
-2048.000000
-2048.000000
-2048.000000
-2048.000000
-2048.000000
-2048.000000
-2048.000000
-2048.000000
-2048.000000
-2048.000000
-2048.000000
-2048.000000
-2048.000000
-2048.000000
-2048.000000
-2048.000000
-2048.000000
-2048.000000
-2048.000000
-2048.000000
-2048.000000
-2048.000000
-2048.000000
-2048.000000
-2048.000000
-2048.000000
-2048.000000
-2048.000000
-2048.000000
-2048.000000
-2048.000000
-2048.000000
-2048.000000
-2048.000000
-2048.000000
-2048.000000
-2048.000000
-2048.000000
-2048.000000
-2048.000000
-2048.000000
-2048.000000
-2048.000000
-2048.000000
-2048.000000
-2048.000000
-2048.000000
-2048.000000
-2048.000000
-2048.000000
-2048.000000
-2048.000000
-2048.000000
-2048.000000
-2048.000000
-2048.000000
-2048.000000
-2048.000000
-2048.000000
-2048.000000
-2048.000000
-2048.000000
-2048.000000
-2048.000000
-2048.000000
-2048.000000
-2048.000000
-2048.000000
-2048.000000
-2048.000000
-2048.000000
-2048.000000
-2048.000000
-2048.000000
-2048.000000
-2048.000000
-2048.000000
-2048.000000
-2048.000000
-2048.000000
-2048.000000
-2048.000000
-2048.000000
-2048.000000
-2048.000000
-2048.000000
-2048.000000
-2048.000000
-2048.000000
-2048.000000
-2048.000000
-2048.000000
-2048.000000
-2048.000000
-2048.000000
-2048.000000
-2048.000000
-2048.000000
-2048.000000
-2048.000000
-2048.000000
-2048.000000
-2048.000000
-2048.000000
-2048.000000
-2048.000000
-2048.000000
-2048.000000
-2048.000000
-2048.000000
-2048.000000
-2048.000000
-2048.000000
-2048.000000
-2048.000000
-2048.000000
-2048.000000
-2048.000000
-2048.000000
-2048.000000
-2048.000000
-2048.000000
-2048.000000
-2048.000000
-2048.000000
-2048.000000
-2048.000000
-2048.000000
8182.000000
-6.000000
-8.000000
-4.000000
-2.000000
0.000000
-9.000000
-1.000000
-3976.000000
518.000000
-1350.000000
4808.000000
2861.000000
381.000000
-3776.000000
1558.000000
-32.000000
-2358.000000
-2534.000000
-3256.000000
-2633.000000
523.000000
1290.000000
-2264.000000
-1352.000000
-814.000000
-1219.000000
41.000000
1543.000000
673.000000
1543.000000
1633.000000
-3172.000000
-2988.000000
1881.000000
-2097.000000
-880.000000
2578.000000
-5276.000000
1762.000000
-112.000000
1980.000000
95.000000
-1731.000000
1288.000000
610.000000
-5823.000000
-403.000000
-48.000000
2408.000000
3941.000000
-1113.000000
-4641.000000
-951.000000
-4251.000000
1583.000000
922.000000
776.000000
1902.000000
2540.000000
1912.000000
710.000000
-549.000000
1515.000000
2946.000000
4938.000000
-3796.000000
2672.000000
-578.000000
-2226.000000
3073.000000
-69.000000
-2445.000000
-23.000000
-423.000000
-1709.000000
-43.000000
599.000000
-4170.000000
-4090.000000
-2286.000000
2984.000000
-2050.000000
-1128.000000
-4278.000000
3650.000000
-513.000000
165.000000
257.000000
-1867.000000
-2839.000000
1605.000000
4870.000000
-3946.000000
-1381.000000
-315.000000
3126.000000
3788.000000
2354.000000
-4852.000000
1253.000000
-1761.000000
1784.000000
-1788.000000
-1815.000000
4861.000000
-1990.000000
-2580.000000
4061.000000
337.000000
-696.000000
-738.000000
-361.000000
4149.000000
1230.000000
2734.000000
3852.000000
-1098.000000
4214.000000
-6368.000000
4038.000000
-4256.000000
1638.000000
-68.000000
-5590.000000
-698.000000
3027.000000
4245.000000
4252.000000
3012.000000
-668.000000
-5604.000000
-88.000000
1632.000000
-4257.000000
4057.000000
-6360.000000
4176.000000
-1091.000000
3883.000000
2689.000000
1223.000000
4185.000000
-353.000000
-756.000000
-672.000000
347.000000
4053.000000
-2573.000000
-1995.000000
4860.000000
-1824.000000
-1796.000000
1786.000000
-1757.000000
1227.000000
-4837.000000
2359.000000
3787.000000
3135.000000
-306.000000
-1384.000000
-3946.000000
4864.000000
1591.000000
-2809.000000
-1877.000000
259.000000
144.000000
-496.000000
3652.000000
-4308.000000
-1163.000000
-2029.000000
3000.000000
-2272.000000
-4082.000000
-4154.000000
598.000000
-62.000000
-1695.000000
-431.000000
-26.000000
-2444.000000
-82.000000
3078.000000
-2219.000000
-573.000000
2660.000000
-3790.000000
4930.000000
2948.000000
-2176.000000
896.000000
1152.000000
3200.000000
4392.000000
1496.000000
-358.000000
4710.000000
-1020.000000
-2160.000000
-1186.000000
-1266.000000
-4367.000000
6671.000000
2466.000000
-162.000000
2625.000000
-2587.000000
-903.000000
853.000000
-6006.000000
-440.000000
-1002.000000
2340.000000
169.000000
-4327.000000
625.000000
313.000000
79.000000
4083.000000
-3676.000000
-4434.000000
1896.000000
622.000000
1695.000000
1647.000000
-1815.000000
-659.000000
-845.000000
19.000000
-2080.000000
2538.000000
-463.000000
-3271.000000
-2586.000000
-3654.000000
-2215.000000
-45.000000
478.000000
-3160.000000
2471.000000
1195.000000
3788.000000
-462.000000
-1955.000000
-1331.000000
1.000000
-15.000000
9.000000
-3.000000
-3.000000
-11.000000
0.000000
8182.000000
